Sample	Passed Filter	Low Quality	Too Many N	Too short
SRR1945435_1	1104850.0	7791044.0	21149678.0	0.0
SRR1945436_1	2090750.0	9355206.0	39737428.0	0.0
SRR1945437_1	1597422.0	7107272.0	29134232.0	0.0
SRR1945438_1	1610486.0	7998328.0	31849452.0	0.0
SRR1945439_1	3449216.0	10164116.0	41500564.0	0.0
SRR1945440_1	1791064.0	7402058.0	33911336.0	0.0
SRR1945441_1	2299222.0	10634634.0	43929502.0	0.0
SRR1945442_1	2108222.0	9483736.0	37120194.0	0.0
SRR1945443_1	1435752.0	8600622.0	27579492.0	0.0
SRR1945444_1	1445136.0	8880646.0	31961718.0	0.0
SRR1945445_1	1110696.0	8219094.0	27861682.0	0.0
SRR1945446_1	17736452.0	2177732.0	198.0	0.0
SRR1945447	70215860.0	31156.0	23230.0	0.0
SRR1945448	63185483.0	26958.0	24841.0	0.0
SRR1945449	41200878.0	21407.0	3407.0	0.0
SRR1945450	38493781.0	19842.0	2881.0	0.0
SRR1945451_1	74925770.0	1484518.0	166128.0	0.0
SRR1945452	38922819.0	24897.0	2512.0	0.0
SRR1945453_1	180030694.0	1288918.0	26862.0	0.0
SRR1945454_1	123030588.0	934956.0	19326.0	0.0
SRR1945455_1	95672674.0	1276526.0	37126.0	0.0
SRR1945456_1	1618478.0	8681178.0	37694900.0	0.0
SRR1945457_1	101289344.0	891912.0	25204.0	0.0
SRR1945458_1	66012564.0	667184.0	14978.0	0.0
SRR1945459_1	114973680.0	1010992.0	75196.0	0.0
SRR1945460_1	47702966.0	115096.0	32672.0	0.0
SRR1945461_1	45300200.0	750252.0	4926.0	0.0
SRR1945462	63239975.0	29337.0	4334.0	0.0
SRR1945463_1	33816012.0	3953656.0	67892.0	0.0
SRR1945464_1	14166832.0	2442522.0	6286.0	0.0
SRR1945465_1	17131164.0	3244954.0	11646.0	0.0
SRR1945466_1	17017934.0	1897564.0	650.0	0.0
SRR1945467_1	22835468.0	4527392.0	18680.0	0.0
SRR1945468_1	40055784.0	2404102.0	0.0	0.0
SRR1945469_1	121097788.0	1478578.0	46300.0	0.0
SRR1945470_1	101547636.0	840804.0	25772.0	0.0
SRR1945471_1	66539020.0	443018.0	11688.0	0.0
SRR1945472_1	54752598.0	638902.0	7982.0	0.0
SRR1945473_1	44440456.0	3155034.0	0.0	0.0
SRR1945474_1	27431396.0	1722108.0	0.0	0.0
SRR1945475_1	28991152.0	1793540.0	0.0	0.0
SRR1945476_1	51735838.0	16585738.0	3732.0	0.0
SRR1945477_1	39292972.0	9016224.0	16288.0	0.0
SRR1945478_1	40885700.0	804256.0	28052.0	0.0
SRR1945479_1	41917182.0	956546.0	28464.0	0.0
SRR1945480_1	69327394.0	1214624.0	51056.0	0.0
SRR1945481_1	15305240.0	4348604.0	1132.0	0.0
SRR1945482_1	82637882.0	21665002.0	6556.0	0.0
SRR1945483_1	21398752.0	514528.0	14638.0	0.0
SRR1945484_1	48722338.0	6077908.0	22826.0	0.0
SRR1945485_1	53968926.0	16766818.0	66924.0	0.0
SRR1945486_1	50954014.0	1572728.0	31002.0	0.0
SRR1945487_1	75097204.0	2529208.0	25142.0	0.0
SRR1945488_1	37766810.0	871508.0	27884.0	0.0
SRR1945489_1	37533234.0	20063242.0	284378.0	0.0
SRR1945490_1	33433854.0	337092.0	13518.0	0.0
SRR1945491_1	83737630.0	2416632.0	51778.0	0.0
SRR1945492_1	61529344.0	29678618.0	1764.0	0.0
SRR1945493_1	55970870.0	416020.0	8924.0	0.0
SRR1945494_1	75591050.0	624768.0	211484.0	0.0
SRR1945495_1	59920452.0	610422.0	9004.0	0.0
SRR1945496_1	67019986.0	638146.0	15478.0	0.0
SRR1945497_1	65114376.0	663476.0	9772.0	0.0
SRR1945498_1	52834488.0	150868.0	16218.0	0.0
SRR1945499	66903670.0	43422.0	42762.0	0.0
SRR1945500	63365452.0	29298.0	26264.0	0.0
SRR1945501_1	51747032.0	677124.0	20086.0	0.0
SRR1945502_1	101026304.0	723132.0	18246.0	0.0
SRR1945503_1	100215402.0	952950.0	67316.0	0.0
SRR1945504_1	37087762.0	332646.0	6670.0	0.0
SRR1945505_1	60756662.0	756428.0	8882.0	0.0
SRR1945506_1	47844150.0	369002.0	7514.0	0.0
SRR1945507_1	48234212.0	3156550.0	0.0	0.0
SRR1945508_1	63106874.0	0.0	14562.0	0.0
SRR1945509_1	54721054.0	681980.0	20026.0	0.0
SRR1945510_1	99243812.0	1034608.0	15354.0	0.0
SRR1945511_1	44262032.0	333448.0	11482.0	0.0
SRR1945512_1	28648970.0	1548572.0	0.0	0.0
SRR1945513_1	31758484.0	1868386.0	0.0	0.0
SRR1945514_1	42460718.0	2272226.0	0.0	0.0
SRR1945515_1	29022650.0	1378600.0	0.0	0.0
SRR1945516	39294805.0	24447.0	2660.0	0.0
SRR1945517	39723777.0	16761.0	2850.0	0.0
SRR1945518_1	34009268.0	1721986.0	0.0	0.0
SRR1945519_1	30168664.0	1679392.0	0.0	0.0
SRR1945520_1	87640558.0	794176.0	251332.0	0.0
SRR1945521_1	49363798.0	60238.0	14700.0	0.0
SRR1945522_1	109131806.0	1072774.0	25328.0	0.0
SRR1945523_1	76941784.0	746118.0	11788.0	0.0
SRR1945524	38106565.0	15687.0	3936.0	0.0
SRR1945525	40430797.0	19156.0	2913.0	0.0
SRR1945526	65526324.0	44703.0	29256.0	7633.0
SRR1945527_1	79297076.0	712584.0	224852.0	0.0
SRR1945528	66644530.0	31524.0	6804.0	0.0
SRR1945529	68230912.0	139300.0	201320.0	0.0
SRR1945530	61306909.0	172551.0	33154.0	0.0
SRR1945531_1	39424730.0	2521666.0	0.0	0.0
SRR1945532_1	90855120.0	883046.0	59922.0	0.0
SRR1945533_1	26243778.0	1288402.0	0.0	0.0
SRR1945534_1	83025734.0	675554.0	238600.0	0.0
SRR1945535_1	61487922.0	629306.0	8998.0	0.0
SRR1945536_1	57027130.0	424580.0	8974.0	0.0
SRR1945537_1	26087250.0	1286552.0	0.0	0.0
SRR1945538_1	28654738.0	1639774.0	0.0	0.0
SRR1945539_1	59357144.0	510168.0	10508.0	0.0
SRR1945540_1	89835598.0	946422.0	58514.0	0.0
SRR1945541_1	32391462.0	2065194.0	18512.0	0.0
SRR1945542	69499029.0	38285.0	22472.0	0.0
SRR1945543	69100065.0	28269.0	5178.0	0.0
SRR1945544_1	33704076.0	1621618.0	0.0	0.0
SRR1945545_1	28932074.0	1368090.0	5266.0	0.0
SRR1945546_1	19622756.0	946672.0	3686.0	0.0
SRR1945547_1	87624408.0	813670.0	244094.0	0.0
SRR1945548_1	88861632.0	1892766.0	133858.0	0.0
SRR1945549_1	25019500.0	1119022.0	4490.0	0.0
SRR1945550_1	24422250.0	1062202.0	4364.0	0.0
SRR1945551_1	109808544.0	2325952.0	166246.0	0.0
SRR1945552_1	32797132.0	1513774.0	5860.0	0.0
SRR1945553_1	22966746.0	958488.0	3934.0	0.0
SRR1945554_1	25348364.0	1073810.0	4552.0	0.0
SRR1945555_1	24693418.0	1304190.0	4338.0	0.0
SRR1945556_1	25451578.0	1163616.0	4518.0	0.0
SRR1945557_1	29426666.0	1575486.0	5292.0	0.0
SRR1945558_1	19465470.0	1041704.0	3506.0	0.0
SRR1945559_1	74909272.0	138352.0	20038.0	0.0
SRR1945560_1	1907070.0	5316156.0	33051860.0	0.0
SRR1945561_1	1009122.0	3451488.0	21821006.0	0.0
SRR1945562_1	102830172.0	2099218.0	153376.0	0.0
SRR1945563_1	28055280.0	2333356.0	6666.0	0.0
SRR1945564_1	3518096.0	10118386.0	63122160.0	0.0
SRR1945565_1	65855642.0	1153348.0	150496.0	0.0
SRR1945566_1	1340214.0	5853078.0	32729002.0	0.0
SRR1945567_1	1751922.0	5959870.0	38334376.0	0.0
SRR1945568_1	1801392.0	6291072.0	38280658.0	0.0
SRR1945569_1	74347870.0	1345382.0	168664.0	0.0
SRR1945570_1	77438968.0	157258.0	22880.0	0.0
SRR1945571_1	107298578.0	2442864.0	158928.0	0.0
SRR1945572_1	1490664.0	4088252.0	26977382.0	0.0
SRR1945573_1	1292784.0	4605420.0	30409348.0	0.0
SRR1945574_1	23821820.0	1971458.0	5908.0	0.0
SRR1945575_1	1625050.0	5146146.0	31399236.0	0.0
SRR1945576_1	1379562.0	4753330.0	29347114.0	0.0
SRR1945577_1	2464436.0	8916428.0	41197936.0	0.0
SRR1945578_1	2021724.0	10153036.0	42802558.0	0.0
SRR1945579_1	99527724.0	2145914.0	217426.0	0.0
SRR1945580_1	1745172.0	7130918.0	33560564.0	0.0
SRR1945581_1	1741700.0	7418862.0	30844762.0	0.0
SRR1945582_1	80314982.0	1562310.0	172994.0	0.0
SRR1945583_1	1693820.0	8340018.0	39846080.0	0.0
SRR1945584_1	1907090.0	8141562.0	38015904.0	0.0
SRR1945585_1	15948554.0	1500152.0	5320.0	0.0
SRR1945586_1	44264110.0	6093224.0	33208.0	0.0
SRR1945587_1	51854994.0	12403312.0	398338.0	0.0
SRR1945588_1	69960662.0	2283890.0	782106.0	0.0
SRR1945589_1	65600848.0	9821656.0	36424.0	0.0
SRR1945590_1	19865100.0	2446864.0	41346.0	0.0
SRR1945591_1	27802958.0	13153782.0	3878.0	0.0
SRR1945592_1	48165446.0	2794138.0	26098.0	0.0
SRR1945593_1	160494822.0	14384238.0	63842.0	0.0
SRR1945594_1	59567558.0	8595304.0	108162.0	0.0
SRR1945595_1	1524090.0	6512344.0	30965288.0	0.0
SRR1945596_1	1418726.0	6126952.0	29793938.0	0.0
SRR1945597_1	1816148.0	9142794.0	35775952.0	0.0
SRR1945598_1	1728582.0	8117906.0	33825378.0	0.0
SRR1945599_1	1316536.0	9921136.0	28151996.0	0.0
SRR1945600_1	3031578.0	17838020.0	54782448.0	0.0
SRR1945601_1	1648572.0	12032764.0	33536256.0	0.0
SRR1945602_1	1170806.0	7836118.0	20782762.0	0.0
SRR1945603_1	21865670.0	26462986.0	27972.0	0.0
SRR1945604_1	36686242.0	4011370.0	429086.0	0.0
SRR1945605_1	122504434.0	9564120.0	24884.0	0.0
SRR1945606_1	137894996.0	17437132.0	20366.0	0.0
SRR1945607_1	77739306.0	7345236.0	82402.0	0.0
SRR1945608_1	56727758.0	9368752.0	16144.0	0.0
SRR1945609_1	30776910.0	5916030.0	89778.0	0.0
SRR1945610_1	71571960.0	15991224.0	19052.0	0.0
SRR1945611_1	50508570.0	13828340.0	15314.0	0.0
SRR1945612_1	51016978.0	12040826.0	15060.0	0.0
SRR1945613_1	53111882.0	3873808.0	515700.0	0.0
SRR1945614_1	162102094.0	16282614.0	8086.0	0.0
SRR1945615_1	48818568.0	2689278.0	451018.0	0.0
SRR1945616_1	51304658.0	11412366.0	9868.0	0.0
SRR1945617_1	49364100.0	1855418.0	447366.0	0.0
SRR1945618_1	12032278.0	23922890.0	2164.0	0.0
SRR1945619_1	59839832.0	2585810.0	43108.0	0.0
SRR1945620_1	16076486.0	12792548.0	6888.0	0.0
SRR1945621_1	27813552.0	3936334.0	21398.0	0.0
SRR1945622_1	68059072.0	4661740.0	69550.0	0.0
SRR1945623_1	42033008.0	12417162.0	7764.0	0.0
SRR1945624_1	38021108.0	2576014.0	15190.0	0.0
SRR1945625_1	73539974.0	6198936.0	68908.0	0.0
SRR1945626_1	40536574.0	4511502.0	242668.0	0.0
SRR1945627_1	20071342.0	18362252.0	14508.0	0.0
SRR1945628_1	30883414.0	4750460.0	89378.0	0.0
SRR1945629_1	29774768.0	4612940.0	69392.0	0.0
SRR1945630_1	52488788.0	12446772.0	13568.0	0.0
SRR1945631_1	52839042.0	7902708.0	96324.0	0.0
SRR1945632_1	44865654.0	5689356.0	88156.0	0.0
SRR1945633_1	74579026.0	8006548.0	63304.0	0.0
SRR1945634_1	40449118.0	4251166.0	16336.0	0.0
SRR1945635_1	60634730.0	10875914.0	11106.0	0.0
SRR1945636_1	31396446.0	323084.0	18298.0	0.0
SRR1945637_1	78876536.0	8079354.0	68108.0	0.0
SRR1945638_1	69167454.0	5558216.0	20166.0	0.0
SRR1945639_1	98307174.0	6684076.0	14444.0	0.0
SRR1945640_1	50914686.0	6557770.0	90120.0	0.0
SRR1945641_1	74881972.0	7099234.0	60384.0	0.0
SRR1945642_1	125175644.0	11246392.0	17092.0	0.0
SRR1945643_1	73070378.0	9799938.0	8460.0	0.0
SRR1945644_1	40074382.0	22256788.0	1208.0	0.0
SRR1945645_1	128051654.0	10995276.0	20958.0	0.0
SRR1945646_1	48005670.0	6521478.0	28622.0	0.0
SRR1945647_1	80849504.0	9947652.0	64040.0	0.0
SRR1945648_1	79055092.0	8119824.0	64206.0	0.0
SRR1945649_1	49282334.0	8601000.0	8166.0	0.0
SRR1945650_1	46490982.0	11731256.0	29044.0	0.0
SRR1945651_1	137375136.0	13688752.0	55594.0	0.0
SRR1945652_1	45985458.0	11399900.0	5714.0	0.0
SRR1945653_1	51962766.0	13495436.0	29152.0	0.0
SRR1945654_1	27132882.0	14435870.0	1634.0	0.0
SRR1945655_1	47977778.0	10932796.0	6802.0	0.0
SRR1945656_1	46574932.0	10931344.0	29694.0	0.0
SRR1945657_1	55198290.0	7370982.0	99678.0	0.0
SRR1945658_1	50020014.0	14278246.0	3916.0	0.0
SRR1945659_1	49378922.0	18105000.0	28534.0	0.0
SRR1945660_1	53011690.0	16117640.0	8536.0	0.0
SRR1945661_1	46175250.0	14396586.0	27998.0	0.0
SRR1945662_1	48453844.0	18731148.0	220684.0	0.0
SRR1945663_1	46798760.0	15867646.0	8326.0	0.0
SRR1945664_1	50749082.0	1442060.0	31234.0	0.0
SRR1945665_1	62318776.0	2123198.0	27498.0	0.0
SRR1945666_1	45307282.0	14777032.0	8826.0	0.0
SRR1945667_1	76341200.0	779490.0	44222.0	0.0
SRR1945668_1	85087706.0	5908540.0	33770.0	0.0
SRR1945669_1	32760206.0	8607900.0	2746476.0	0.0
SRR1945670_1	50919092.0	5994432.0	18762.0	0.0
SRR1945671_1	48738578.0	7686334.0	6332.0	0.0
SRR1945672_1	63067660.0	6065676.0	4326.0	0.0
SRR1945673_1	59188150.0	4806446.0	22856.0	0.0
SRR1945674_1	48701808.0	8766490.0	10202.0	0.0
SRR1945675_1	48531516.0	635998.0	28614.0	0.0
SRR1945676_1	50702720.0	5895866.0	19286.0	0.0
SRR1945677_1	54309102.0	6818454.0	8292.0	0.0
SRR1945678_1	69548120.0	5947172.0	9320.0	0.0
SRR1945679_1	35547236.0	6161856.0	312680.0	0.0
SRR1945680_1	49890688.0	1347668.0	36092.0	0.0
SRR1945681_1	54329682.0	7661206.0	8276.0	0.0
SRR1945682_1	51244672.0	7938568.0	10736.0	0.0
SRR1945683_1	72234562.0	5266128.0	15166.0	0.0
SRR1945684_1	35316016.0	12616092.0	5902.0	0.0
SRR1945685_1	55695882.0	5931800.0	10654.0	0.0
SRR1945686_1	71131616.0	4491174.0	5482.0	0.0
SRR1945687_1	21193044.0	505982.0	14036.0	0.0
SRR1945688_1	37740156.0	7203164.0	1028908.0	0.0
SRR1945689_1	48699754.0	7061068.0	452322.0	0.0
SRR1945690_1	74240336.0	6504170.0	9256.0	0.0
SRR1945691_1	48962592.0	7954960.0	7774.0	0.0
SRR1945692_1	45542162.0	9723708.0	8048.0	0.0
SRR1945693_1	69635592.0	4825736.0	9574.0	0.0
SRR1945694_1	55806520.0	3386984.0	68508.0	0.0
SRR1945695_1	61390952.0	3669380.0	68850.0	0.0
SRR1945696_1	54152248.0	4619106.0	64890.0	0.0
SRR1945697_1	72250354.0	5860308.0	17024.0	0.0
SRR1945698_1	41896356.0	9329840.0	24300.0	0.0
SRR1945699_1	58098182.0	3267570.0	70536.0	0.0
SRR1945700_1	30647470.0	789376.0	20224.0	0.0
SRR1945701_1	34164338.0	9090678.0	2114.0	0.0
SRR1945702_1	52597424.0	2241254.0	60600.0	0.0
SRR1945703_1	80959234.0	7200784.0	8540.0	0.0
SRR1945704_1	55377328.0	10436360.0	90042.0	0.0
SRR1945705_1	57605526.0	9698726.0	64286.0	0.0
SRR1945706_1	110568202.0	5246648.0	133688.0	0.0
SRR1945707_1	58183986.0	14623544.0	14950.0	0.0
SRR1945708_1	41977692.0	13731662.0	8320.0	0.0
SRR1945709_1	74189090.0	6613752.0	6422.0	0.0
SRR1945710_1	56584940.0	3012054.0	73232.0	0.0
SRR1945711_1	76034366.0	1477736.0	54672.0	0.0
SRR1945712_1	137918760.0	10286656.0	348166.0	0.0
SRR1945713_1	79108524.0	3960648.0	612634.0	0.0
SRR1945714_1	152754042.0	12280576.0	27172.0	0.0
SRR1945715_1	31695402.0	7854550.0	172124.0	0.0
SRR1945716_1	27538718.0	597840.0	20866.0	0.0
SRR1945717_1	21581872.0	1144694.0	10106.0	0.0
SRR1945718_1	53743216.0	7330186.0	5778.0	0.0
SRR1945719_1	14313822.0	388638.0	9740.0	0.0
SRR1945720_1	53020816.0	2619938.0	60034.0	0.0
SRR1945721_1	31613054.0	7075870.0	894216.0	0.0
SRR1945722_1	15828826.0	3260746.0	5848.0	0.0
SRR1945723_1	25672512.0	6554078.0	11884.0	0.0
SRR1945724_1	40156162.0	4424200.0	20752.0	0.0
SRR1945725_1	36384434.0	1071268.0	322050.0	0.0
SRR1945726_1	44363724.0	5819010.0	4958.0	0.0
SRR1945727_1	21354600.0	2511434.0	8794.0	0.0
SRR1945728_1	48696762.0	3197528.0	54612.0	0.0
SRR1945729_1	165418146.0	15298090.0	419580.0	0.0
SRR1945730_1	123258254.0	9157026.0	330266.0	0.0
SRR1945731_1	133341248.0	9638886.0	32908.0	0.0
SRR1945732_1	1388352.0	10430788.0	27706074.0	0.0
SRR1945733_1	1437132.0	10973984.0	29718486.0	0.0
SRR1945734_1	1668238.0	10038284.0	30182098.0	0.0
SRR1945735_1	30709474.0	17231166.0	230792.0	0.0
SRR1945736_1	1354740.0	10507942.0	32231108.0	0.0
SRR1945737_1	1573922.0	12308286.0	31904626.0	0.0
SRR1945738_1	1322828.0	9012726.0	23314312.0	0.0
SRR1945739_1	19440688.0	2112094.0	14504.0	0.0
SRR1945740_1	66040192.0	486926.0	23964.0	0.0
SRR1945741_1	75644276.0	614266.0	27598.0	0.0
SRR1945742_1	1274268.0	9828400.0	25145914.0	0.0
SRR1945743_1	72057472.0	729118.0	12562.0	0.0
SRR1945744_1	73033058.0	592868.0	26490.0	0.0
SRR1945745_1	78966606.0	835864.0	13942.0	0.0
SRR1945746_1	86900534.0	692856.0	31652.0	0.0
SRR1945747_1	68400368.0	724188.0	11690.0	0.0
SRR1945748_1	108739770.0	866314.0	17320.0	0.0
SRR1945749_1	17454162.0	2823128.0	5144.0	0.0
SRR1945750_1	15302524.0	2157774.0	17334.0	0.0
SRR1945751_1	24679706.0	12195428.0	18026.0	0.0
SRR1945752_1	29802832.0	5103416.0	86642.0	0.0
SRR1945753_1	32627502.0	5784422.0	9486.0	0.0
SRR1945754_1	182449058.0	31053036.0	51552.0	0.0
SRR1945755_1	24460034.0	19346502.0	61834.0	0.0
SRR1945756_1	58897018.0	8976798.0	71486.0	0.0
SRR1945757_1	26162834.0	8463854.0	56906.0	0.0
SRR1945758_1	43326946.0	30239210.0	136816.0	0.0
SRR1945759_1	39015220.0	3325014.0	20548.0	0.0
SRR1945760_1	21112482.0	2843868.0	43412.0	0.0
SRR1945761_1	25371230.0	14688380.0	18590.0	0.0
SRR1945762_1	39116924.0	3481394.0	24538.0	0.0
SRR1945763_1	17273340.0	3309366.0	11786.0	0.0
SRR1945764_1	53978496.0	42009762.0	149156.0	0.0
SRR1945765_1	15444716.0	1776716.0	30234.0	0.0
SRR1945766_1	28300742.0	24987224.0	70686.0	0.0
SRR1945767_1	15774032.0	2104330.0	1002.0	0.0
SRR1945768_1	17204598.0	3187882.0	11518.0	0.0
SRR1945769_1	66457658.0	842436.0	26700.0	0.0
SRR1945770_1	19548238.0	3864608.0	13394.0	0.0
SRR1945771_1	19856548.0	4181512.0	15898.0	0.0
SRR1945772_1	51895106.0	2010272.0	22472.0	0.0
SRR1945773_1	115649374.0	84036618.0	314008.0	0.0
SRR1945774_1	28426060.0	3907000.0	14.0	0.0
SRR1945775_1	17494776.0	2886028.0	10232.0	0.0
SRR1945776_1	59143730.0	50225002.0	150988.0	0.0
SRR1945777_1	51129420.0	7452292.0	62418.0	0.0
SRR1945778_1	34757656.0	6001602.0	800.0	0.0
SRR1945779_1	17411354.0	2777154.0	10508.0	0.0
SRR1945780_1	29215824.0	4868878.0	8688.0	0.0
SRR1945781_1	13623992.0	30348774.0	23522.0	0.0
SRR1945782_1	26131048.0	2464042.0	89866.0	0.0
SRR1945783_1	36442502.0	26132064.0	114982.0	0.0
SRR1945784_1	23171998.0	20844726.0	58054.0	0.0
SRR1945785_1	24096420.0	2279514.0	81804.0	0.0
SRR1945786_1	16022864.0	1622646.0	572.0	0.0
SRR1945787_1	16408824.0	11861084.0	45150.0	0.0
SRR1945788_1	28387904.0	5087962.0	12674.0	0.0
SRR1945789_1	24952940.0	14975608.0	17610.0	0.0
SRR1945790_1	26820276.0	21363858.0	67818.0	0.0
SRR1945791_1	12956754.0	2192042.0	5616.0	0.0
SRR1945792_1	28267514.0	37614788.0	37390.0	0.0
SRR1945793_1	58974236.0	15257418.0	14186.0	0.0
SRR1945794_1	33819328.0	11437604.0	8554.0	0.0
SRR1945795_1	19051012.0	3969316.0	16884.0	0.0
SRR1945796_1	36276502.0	30137050.0	92284.0	0.0
SRR1945797_1	26119506.0	2459370.0	85792.0	0.0
SRR1945798_1	19148618.0	3810510.0	17366.0	0.0
SRR1945799_1	12168850.0	1354416.0	358.0	0.0
SRR1945800_1	26407122.0	2458348.0	92328.0	0.0
SRR1945801_1	24410544.0	3461902.0	50166.0	0.0
SRR1945802_1	14952040.0	2079470.0	17088.0	0.0
SRR1945803_1	16547028.0	2129188.0	19052.0	0.0
SRR1945804_1	22564304.0	2334948.0	16880.0	0.0
SRR1945805_1	18478428.0	2464668.0	21014.0	0.0
SRR1945806_1	18102762.0	2788134.0	5552.0	0.0
SRR1945807_1	16193162.0	1876982.0	32384.0	0.0
SRR1945808_1	88527692.0	14349360.0	25116.0	0.0
SRR1945809_1	18573310.0	2518944.0	3130.0	0.0
SRR1945810_1	17228256.0	2275396.0	2988.0	0.0
SRR1945811_1	18360744.0	2764598.0	20986.0	0.0
SRR1945812_1	101781002.0	15673334.0	29864.0	0.0
SRR1945813_1	18099418.0	2609372.0	3122.0	0.0
SRR1945814_1	21021318.0	3586952.0	394.0	0.0
SRR1945815_1	20462424.0	2249588.0	41264.0	0.0
SRR1945816_1	14930662.0	2037708.0	156.0	0.0
SRR1945817_1	15753712.0	10948366.0	43240.0	0.0
SRR1945818_1	28577780.0	3208150.0	58226.0	0.0
SRR1945819_1	54801736.0	3337082.0	123860.0	0.0
SRR1945820_1	27359510.0	3204464.0	54834.0	0.0
SRR1945821_1	31332790.0	3593534.0	63366.0	0.0
SRR1945822_1	56168924.0	5679260.0	9060.0	0.0
SRR1945823_1	18271626.0	2973008.0	3032.0	0.0
SRR1945824_1	48557378.0	2200848.0	10616.0	0.0
SRR1945825_1	11055972.0	1220044.0	22756.0	0.0
SRR1945826_1	20426682.0	3926048.0	13422.0	0.0
SRR1945827_1	16370896.0	1983386.0	184.0	0.0
SRR1945828_1	17177692.0	2638382.0	3418.0	0.0
SRR1945829_1	20085046.0	42013740.0	47682.0	0.0
SRR1945830_1	18948230.0	3597354.0	13070.0	0.0
SRR1945831_1	17548854.0	798978.0	7910.0	0.0
SRR1945832_1	16961188.0	2363826.0	19462.0	0.0
SRR1945833_1	113447570.0	18900734.0	32342.0	0.0
SRR1945834_1	15675488.0	2141886.0	17392.0	0.0
SRR1945835_1	16798702.0	2396472.0	19096.0	0.0
SRR1945836_1	16603402.0	2430700.0	2904.0	0.0
SRR1945837_1	16439926.0	1885876.0	194.0	0.0
SRR1945838_1	57887984.0	5047034.0	8842.0	0.0
SRR1945839_1	37322772.0	5164228.0	75706.0	0.0
SRR1945840_1	19007816.0	3780200.0	12764.0	0.0
SRR1945841_1	21225426.0	3951122.0	14390.0	0.0
SRR1945842_1	28085276.0	3167134.0	20744.0	0.0
SRR1945843_1	20371072.0	3983764.0	13788.0	0.0
SRR1945844_1	18501440.0	2336392.0	192.0	0.0
SRR1945845_1	29801986.0	3264066.0	61606.0	0.0
SRR1945846_1	18025984.0	2282734.0	228.0	0.0
SRR1945847_1	20288204.0	2172230.0	14916.0	0.0
SRR1945848_1	33295064.0	5457524.0	678.0	0.0
SRR1945849_1	19609034.0	2959474.0	392.0	0.0
SRR1945850_1	21666588.0	980162.0	9708.0	0.0
SRR1945851_1	15795436.0	1996916.0	18342.0	0.0
SRR1945852_1	10404200.0	24567592.0	22354.0	0.0
SRR1945853_1	15303924.0	1882196.0	30068.0	0.0
SRR1945854_1	16771614.0	3361408.0	11280.0	0.0
SRR1945855_1	17125862.0	2325708.0	7874.0	0.0
SRR1945856_1	19667470.0	2665454.0	9004.0	0.0
SRR1945857_1	19080980.0	3654532.0	12934.0	0.0
SRR1945858_1	19206018.0	2205924.0	38000.0	0.0
SRR1945859_1	18008886.0	2577146.0	8140.0	0.0
SRR1945860_1	64432742.0	8434454.0	78170.0	0.0
SRR1945861_1	54466704.0	3228686.0	6436.0	0.0
SRR1945862_1	18338834.0	2423306.0	34706.0	0.0
SRR1945863_1	35101394.0	5203076.0	70624.0	0.0
SRR1945864_1	57170464.0	7535728.0	69868.0	0.0
SRR1945865_1	31632264.0	3550382.0	64366.0	0.0
SRR1945866_1	17122156.0	2410034.0	35154.0	0.0
SRR1945867_1	165668746.0	29825078.0	32780.0	0.0
SRR1945868_1	35194704.0	4899868.0	72238.0	0.0
SRR1945869_1	45833556.0	3230182.0	10528.0	0.0
SRR1945870_1	19087276.0	3688318.0	17232.0	0.0
SRR1945871_1	16104520.0	1883106.0	31706.0	0.0
SRR1945872_1	15447018.0	1896716.0	29974.0	0.0
SRR1945873_1	19564404.0	934690.0	8874.0	0.0
SRR1945874_1	17135802.0	2025744.0	33682.0	0.0
SRR1945875_1	14825872.0	1960464.0	33874.0	0.0
SRR1945876_1	34612100.0	11209578.0	125270.0	0.0
SRR1945877_1	12340642.0	25619686.0	21442.0	0.0
SRR1945878_1	16053366.0	2062180.0	35668.0	0.0
SRR1945879_1	19306058.0	3013280.0	11478.0	0.0
SRR1945880_1	15067468.0	2720284.0	8692.0	0.0
SRR1945881_1	59112892.0	2984364.0	7732.0	0.0
SRR1945882_1	17639536.0	3500986.0	10190.0	0.0
SRR1945883_1	29603868.0	2865180.0	99542.0	0.0
SRR1945884_1	29637850.0	9569068.0	105396.0	0.0
SRR1945885_1	95178062.0	14856132.0	19354.0	0.0
SRR1945886_1	62335164.0	4395814.0	10006.0	0.0
SRR1945887_1	22296594.0	842702.0	10060.0	0.0
SRR1945888_1	15975184.0	3060736.0	9666.0	0.0
SRR1945889_1	18061870.0	2204120.0	236.0	0.0
SRR1945890_1	14991818.0	2798138.0	8754.0	0.0
SRR1945891_1	41690190.0	2525768.0	11880.0	0.0
SRR1945892_1	27738522.0	2524230.0	96980.0	0.0
SRR1945893_1	17193808.0	2040290.0	178.0	0.0
SRR1945894_1	14235304.0	2385868.0	8712.0	0.0
SRR1945895_1	11668954.0	1452158.0	92.0	0.0
SRR1945896_1	58184280.0	3392662.0	10928.0	0.0
SRR1945897_1	27789646.0	4712394.0	12190.0	0.0
SRR1945898_1	22316556.0	17337342.0	55740.0	0.0
SRR1945899_1	60170282.0	3633760.0	9980.0	0.0
SRR1945900_1	15479332.0	2597582.0	7020.0	0.0
SRR1945901_1	13457902.0	2339844.0	5874.0	0.0
SRR1945902_1	15335830.0	1745278.0	480.0	0.0
SRR1945903_1	30420078.0	2828842.0	104886.0	0.0
SRR1945904_1	14788070.0	2330594.0	6668.0	0.0
SRR1945905_1	9588568.0	1658110.0	4000.0	0.0
SRR1945906_1	23027334.0	1015118.0	10378.0	0.0
SRR1945907_1	22074322.0	4326714.0	20072.0	0.0
SRR1945908_1	15484602.0	2506268.0	6750.0	0.0
SRR1945909_1	22091502.0	3855482.0	9696.0	0.0
SRR1945910_1	17024648.0	1847938.0	610.0	0.0
SRR1945911_1	17743840.0	1879142.0	596.0	0.0
SRR1945912_1	17769484.0	1993542.0	506.0	0.0
SRR1945913_1	94331726.0	913062.0	16592.0	0.0
SRR1945914_1	62984060.0	563914.0	22786.0	0.0
SRR1945915_1	29957126.0	3722904.0	61534.0	0.0
SRR1945916_1	59271696.0	4676574.0	109414.0	0.0
SRR1945917_1	17941290.0	1875396.0	618.0	0.0
SRR1945918_1	15403656.0	2497066.0	6162.0	0.0
SRR1945919_1	9801602.0	1639284.0	4418.0	0.0
SRR1945920_1	29159722.0	2850560.0	100168.0	0.0
SRR1945921_1	18657422.0	1957122.0	642.0	0.0
SRR1945922_1	18362702.0	3693948.0	14698.0	0.0
SRR1945923_1	19320630.0	3737316.0	17634.0	0.0
SRR1945924_1	65389670.0	4833534.0	6526.0	0.0
SRR1945925_1	15619164.0	3061430.0	13374.0	0.0
SRR1945926_1	17234518.0	1860070.0	592.0	0.0
SRR1945927_1	60712646.0	4853630.0	9458.0	0.0
SRR1945928_1	49102738.0	3656272.0	9414.0	0.0
SRR1945929_1	30261528.0	3318686.0	61648.0	0.0
SRR1945930_1	56241366.0	3418736.0	3878.0	0.0
SRR1945931_1	17661494.0	807924.0	7924.0	0.0
SRR1945932_1	31680392.0	5218976.0	9376.0	0.0
SRR1945933_1	13885864.0	1752312.0	26364.0	0.0
SRR1945934_1	18353282.0	2395972.0	8816.0	0.0
SRR1945935_1	15360796.0	2656034.0	9068.0	0.0
SRR1945936_1	16936258.0	2580968.0	19168.0	0.0
SRR1945937_1	14661572.0	32084132.0	25968.0	0.0
SRR1945938_1	16343184.0	2750048.0	8562.0	0.0
SRR1945939_1	91354530.0	754892.0	16024.0	0.0
SRR1945940_1	21454676.0	925260.0	9518.0	0.0
SRR1945941_1	28827756.0	3054148.0	57438.0	0.0
SRR1945942_1	17135934.0	2158240.0	224.0	0.0
SRR1945943_1	35538654.0	5989354.0	28582.0	0.0
SRR1945944_1	21587746.0	15600474.0	15966.0	0.0
SRR1945945_1	20266234.0	3967690.0	18146.0	0.0
SRR1945946_1	45785354.0	42082030.0	115944.0	0.0
SRR1945947_1	10935658.0	1456640.0	22544.0	0.0
SRR1945948_1	28298960.0	20000456.0	88264.0	0.0
SRR1945949_1	73133906.0	1042646.0	27904.0	0.0
SRR1945950_1	87202914.0	910112.0	57324.0	0.0
SRR1945951_1	89060904.0	722512.0	22486.0	0.0
SRR1945952_1	96528642.0	799792.0	22162.0	0.0
SRR1945953_1	29123252.0	1960214.0	10078.0	0.0
SRR1945954_1	74119066.0	598160.0	13370.0	0.0
SRR1945955_1	73543900.0	759900.0	10646.0	0.0
SRR1945956_1	18325380.0	870358.0	7994.0	0.0
SRR1945957_1	22581164.0	1019544.0	10180.0	0.0
SRR1945958_1	89414256.0	608480.0	14222.0	0.0
SRR1945959_1	80966258.0	709076.0	12450.0	0.0
SRR1945960_1	17957080.0	805250.0	8358.0	0.0
SRR1945961_1	19518652.0	877836.0	8924.0	0.0
SRR1945962_1	74209662.0	648988.0	18814.0	0.0
SRR1945963_1	16748640.0	2254088.0	3052.0	0.0
SRR1945964_1	30977756.0	7943868.0	66588.0	0.0
SRR1945965_1	49275018.0	24836390.0	1486.0	0.0
SRR1945966_1	46592690.0	9663340.0	8584.0	0.0
SRR1945967_1	34954060.0	10140264.0	24692.0	0.0
SRR1945968_1	18581242.0	36387306.0	44188.0	0.0
SRR1945969_1	48190786.0	13582086.0	3038.0	0.0
SRR1945970_1	21318608.0	26734474.0	27906.0	0.0
SRR1945971_1	13162402.0	28325530.0	23080.0	0.0
SRR1945972_1	31686940.0	11223054.0	237410.0	0.0
SRR1945973_1	32936596.0	23343616.0	102784.0	0.0
SRR1945974_1	6143614.0	12485688.0	11850.0	0.0
SRR1945975_1	42057686.0	8808414.0	27618.0	0.0
SRR1945976_1	59754074.0	2946510.0	29448.0	0.0
SRR1945977_1	56906402.0	13552190.0	18454.0	0.0
SRR1945978_1	20171860.0	17159368.0	50734.0	0.0
SRR1945979_1	29939098.0	24755434.0	76696.0	0.0
SRR1945980_1	30110002.0	25133062.0	76702.0	0.0
SRR1945981_1	32439320.0	6888402.0	80578.0	0.0
SRR1945982_1	35510150.0	8892786.0	20460.0	0.0
SRR1945983_1	37598788.0	7649392.0	31960.0	0.0
SRR1945984_1	53193610.0	6565314.0	92608.0	0.0
SRR1945985_1	68806090.0	2328058.0	717930.0	0.0
SRR1945986_1	31325892.0	5168558.0	9400.0	0.0
SRR1945987_1	40073348.0	4088310.0	17344.0	0.0
SRR1945988_1	15068238.0	18135354.0	20382.0	0.0
SRR1945989_1	22435872.0	27446176.0	29620.0	0.0
SRR1945990_1	16193358.0	11285962.0	44266.0	0.0
SRR1945991_1	24382574.0	17520204.0	76818.0	0.0
SRR1945992_1	38046544.0	5966262.0	29168.0	0.0
SRR1945993_1	54333520.0	675184.0	313158.0	0.0
SRR1945994_1	15335578.0	1990790.0	6998.0	0.0
SRR1945995_1	18345016.0	2837464.0	8362.0	0.0
SRR1945996_1	49763306.0	14052886.0	4924.0	0.0
SRR1945997_1	59031052.0	14447082.0	15604.0	0.0
SRR1945998_1	38046976.0	7804656.0	26386.0	0.0
SRR1945999_1	27907968.0	9702396.0	97084.0	0.0
SRR1946000_1	14712076.0	2377514.0	8664.0	0.0
SRR1946001_1	42278590.0	27618328.0	1120.0	0.0
SRR1946002_1	19088500.0	3122040.0	11378.0	0.0
SRR1946003_1	121094906.0	20574170.0	24338.0	0.0
SRR1946004_1	22657364.0	20373484.0	55846.0	0.0
SRR1946005_1	26944762.0	4356180.0	544.0	0.0
SRR1946006_1	32413100.0	6433696.0	93022.0	0.0
SRR1946007_1	32565326.0	11336756.0	9140.0	0.0
SRR1946008_1	36250240.0	6793592.0	8806.0	0.0
SRR1946009_1	34456770.0	7570070.0	25638.0	0.0
SRR1946010_1	24095020.0	20142110.0	61326.0	0.0
SRR1946011_1	18522954.0	2560758.0	35820.0	0.0
SRR1946012_1	57590902.0	11784118.0	19040.0	0.0
SRR1946013_1	61198856.0	57264284.0	153588.0	0.0
SRR1946014_1	40127102.0	14737956.0	3742.0	0.0
SRR1946015_1	33801526.0	322828.0	20062.0	0.0
SRR1946016_1	96636788.0	901692.0	17294.0	0.0
SRR1946017_1	86470736.0	813352.0	19604.0	0.0
SRR1946018	73195053.0	34808.0	5347.0	0.0
SRR1946019	71409028.0	35301.0	4527.0	0.0
SRR1946020_1	63065322.0	761378.0	9412.0	0.0
SRR1946021_1	57759730.0	15345630.0	13948.0	0.0
SRR1946022_1	67650768.0	18755802.0	14660.0	0.0
SRR1946023_1	26419376.0	2186800.0	6336.0	0.0
SRR1946024_1	67133450.0	11912206.0	1118.0	0.0
SRR1946025_1	36480614.0	6415012.0	556.0	0.0
SRR1946026_1	31681610.0	5317450.0	538.0	0.0
SRR1946027_1	62233798.0	11872794.0	1010.0	0.0
SRR1946028_1	18719292.0	3228332.0	300.0	0.0
SRR1946029_1	28883622.0	5124982.0	556.0	0.0
SRR1946030_1	31626444.0	4922588.0	578.0	0.0
SRR1946031_1	29310538.0	2340398.0	7684.0	0.0
SRR1946032_1	34189434.0	6003312.0	548.0	0.0
SRR1946033_1	27284872.0	1849954.0	30940.0	0.0
SRR1946034_1	43315230.0	11249458.0	756.0	0.0
SRR1946035_1	28383316.0	1864488.0	9882.0	0.0
SRR1946036_1	61750408.0	7136650.0	44256.0	0.0
SRR1946037_1	48441492.0	5703306.0	35462.0	0.0
SRR1946038_1	55420930.0	6943984.0	40494.0	0.0
SRR1946039_1	53701268.0	7311332.0	37452.0	0.0
SRR1946040_1	35181670.0	2309098.0	37012.0	0.0
SRR1946041_1	26928266.0	1895440.0	6272.0	0.0
SRR1946042_1	114883792.0	11676720.0	23312.0	0.0
SRR1946043_1	33922748.0	2053630.0	7982.0	0.0
SRR1946044_1	32791142.0	2778834.0	7594.0	0.0
SRR1946045_1	27067628.0	1460484.0	29088.0	0.0
SRR1946046_1	32861662.0	2695202.0	6808.0	0.0
SRR1946047_1	50813836.0	7122312.0	36746.0	0.0
SRR1946048_1	35128778.0	5837808.0	16054.0	0.0
SRR1946049_1	59684532.0	5656204.0	44128.0	0.0
SRR1946050_1	45240926.0	6117894.0	33176.0	0.0
SRR1946051_1	41899268.0	6714436.0	18672.0	0.0
SRR1946052_1	45478316.0	5882824.0	33062.0	0.0
SRR1946053_1	18738620.0	1298440.0	6386.0	0.0
SRR1946054_1	22802368.0	1483350.0	142.0	0.0
SRR1946055_1	38264962.0	2353050.0	244.0	0.0
SRR1946056_1	81221830.0	4679370.0	600976.0	0.0
SRR1946057_1	69849146.0	3646870.0	599910.0	0.0
SRR1946058_1	24139680.0	12474640.0	1440.0	0.0
SRR1946059_1	110471008.0	27061784.0	27672.0	0.0
SRR1946060_1	46276002.0	12629850.0	2776.0	0.0
SRR1946061_1	69854522.0	1316888.0	411536.0	0.0
SRR1946062_1	87102878.0	7864426.0	39838.0	0.0
SRR1946063_1	59537016.0	15665840.0	14532.0	0.0
SRR1946064_1	28429890.0	15069640.0	796.0	0.0
SRR1946065_1	43652146.0	13897492.0	4144.0	0.0
SRR1946066_1	42640058.0	462646.0	17380.0	0.0
SRR1946067_1	77156532.0	8576172.0	17832.0	0.0
SRR1946068_1	81436770.0	23971308.0	4828.0	0.0
SRR1946069_1	44727620.0	1151528.0	32724.0	0.0
SRR1946070_1	59144560.0	8847692.0	64632.0	0.0
SRR1946071_1	46319562.0	25445462.0	337390.0	0.0
SRR1946072_1	72170934.0	13039384.0	12268.0	0.0
SRR1946073_1	73515138.0	8089780.0	14968.0	0.0
SRR1946074_1	59636968.0	2733850.0	69948.0	0.0
SRR1946075_1	179360886.0	16963360.0	71484.0	0.0
SRR1946076_1	67001532.0	12674998.0	8578.0	0.0
SRR1946077_1	70411750.0	4780198.0	25270.0	0.0
SRR1946078_1	17611842.0	276396.0	14106.0	0.0
SRR1946079_1	74990588.0	4077428.0	696704.0	0.0
SRR1946080_1	65158954.0	4489690.0	69444.0	0.0
SRR1946081_1	200119480.0	19187076.0	340498.0	0.0
SRR1946082_1	61274870.0	5476812.0	6322.0	0.0
SRR1946083_1	28356878.0	444400.0	16014.0	0.0
SRR1946084_1	39394476.0	841510.0	33384.0	0.0
SRR1946085_1	33765064.0	25388534.0	4490772.0	0.0
SRR1946086_1	56964120.0	4237718.0	62924.0	0.0
SRR1946087_1	74480548.0	11151760.0	8194.0	0.0
SRR1946088_1	53736122.0	1231412.0	32040.0	0.0
SRR1946089_1	60504348.0	3329530.0	68818.0	0.0
SRR1946090_1	74765126.0	7496740.0	69264.0	0.0
SRR1946091_1	69356148.0	6689778.0	68940.0	0.0
SRR1946092_1	45303890.0	7020280.0	5008.0	0.0
SRR1946093_1	72423192.0	5164686.0	25094.0	0.0
SRR1946094_1	133934332.0	9908440.0	384134.0	0.0
SRR1946095_1	18513412.0	3768132.0	7968.0	0.0
SRR1946096_1	61984656.0	3317454.0	57768.0	0.0
SRR1946097_1	43381222.0	1305338.0	20706.0	0.0
SRR1946098_1	196448842.0	21278356.0	33406.0	0.0
SRR1946099_1	72341588.0	9486228.0	10816.0	0.0
SRR1946100_1	77924616.0	6462046.0	71072.0	0.0
SRR1946101_1	79991506.0	9239714.0	65998.0	0.0
SRR1946102_1	68334678.0	3964356.0	32750.0	0.0
SRR1946103_1	43231028.0	1600260.0	413456.0	0.0
SRR1946104_1	50413728.0	3194764.0	83018.0	0.0
SRR1946105_1	38163190.0	2551044.0	226.0	0.0
SRR1946106_1	43902942.0	6061692.0	8758.0	0.0
SRR1946107_1	28471426.0	3294050.0	714.0	0.0
SRR1946108_1	32825464.0	4203122.0	14362.0	0.0
SRR1946109_1	26198562.0	4240590.0	7598.0	0.0
SRR1946110_1	31226858.0	4476484.0	9286.0	0.0
SRR1946111_1	34911932.0	7058984.0	10714.0	0.0
SRR1946112_1	35479366.0	8135582.0	11054.0	0.0
SRR1946113_1	32582344.0	4569384.0	6560.0	0.0
SRR1946114_1	35696720.0	5078454.0	6884.0	0.0
SRR1946115_1	26609360.0	3706822.0	5312.0	0.0
SRR1946116_1	22090164.0	2998578.0	4492.0	0.0
SRR1946117_1	31210026.0	4490486.0	6240.0	0.0
SRR1946118_1	29253620.0	4331282.0	5768.0	0.0
SRR1946119_1	35879726.0	5681998.0	7230.0	0.0
SRR1946120_1	31519068.0	4200240.0	6340.0	0.0
SRR1946121_1	29714362.0	3845826.0	6076.0	0.0
SRR1946122_1	33959744.0	4861340.0	6622.0	0.0
SRR1946123_1	31667594.0	3493318.0	804.0	0.0
SRR1946124_1	26634470.0	3090176.0	648.0	0.0
SRR1946125_1	34420092.0	3897706.0	946.0	0.0
SRR1946126_1	35490508.0	4430534.0	966.0	0.0
SRR1946127_1	21233750.0	2449376.0	608.0	0.0
SRR1946128_1	33935242.0	3728856.0	816.0	0.0
SRR1946129_1	27608258.0	3095136.0	754.0	0.0
SRR1946130_1	24598098.0	2676074.0	626.0	0.0
SRR1946131_1	34990630.0	3891192.0	976.0	0.0
SRR1946132_1	32313630.0	3329134.0	768.0	0.0
SRR1946133_1	41252348.0	4748710.0	1046.0	0.0
SRR1946134_1	32592160.0	4470544.0	1820.0	0.0
SRR1946135_1	33850610.0	3938886.0	2014.0	0.0
SRR1946136_1	31083836.0	3621962.0	1712.0	0.0
SRR1946137_1	25978862.0	3512182.0	1412.0	0.0
SRR1946138_1	30730816.0	3328858.0	1928.0	0.0
SRR1946139_1	31580252.0	3856840.0	1652.0	0.0
SRR1946140_1	34143336.0	4280776.0	1768.0	0.0
SRR1946141_1	29413446.0	3828184.0	1566.0	0.0
SRR1946142_1	33084062.0	4328690.0	1876.0	0.0
SRR1946143_1	28053164.0	3245896.0	1584.0	0.0
SRR1946144_1	31410698.0	3840634.0	1692.0	0.0
SRR1946145_1	26858050.0	5795158.0	364.0	0.0
SRR1946146_1	42853442.0	7564976.0	620.0	10286.0
SRR1946147_1	38273924.0	8012986.0	576.0	0.0
SRR1946148_1	37018484.0	7238794.0	466.0	0.0
SRR1946149_1	29178500.0	6149468.0	362.0	0.0
SRR1946150_1	29415584.0	5458878.0	352.0	0.0
SRR1946151_1	25287598.0	5491918.0	328.0	0.0
SRR1946152_1	35907400.0	6598806.0	458.0	0.0
SRR1946153_1	35803042.0	6355758.0	502.0	0.0
SRR1946154_1	32795580.0	5920104.0	444.0	0.0
SRR1946155_1	28395520.0	5960960.0	398.0	0.0
SRR1946156_1	31843884.0	6491980.0	430.0	0.0
SRR1946157_1	28325666.0	4490320.0	12188.0	0.0
SRR1946158_1	28752190.0	4087340.0	11950.0	0.0
SRR1946159_1	30602754.0	4549270.0	13370.0	0.0
SRR1946160_1	24423726.0	3722108.0	10446.0	0.0
SRR1946161_1	28116836.0	5312842.0	11844.0	0.0
SRR1946162_1	27878798.0	4033744.0	12548.0	0.0
SRR1946163_1	29865744.0	3956788.0	13016.0	0.0
SRR1946164_1	28037720.0	4694028.0	11838.0	0.0
SRR1946165_1	32985408.0	4563580.0	14628.0	0.0
SRR1946166_1	35503874.0	5095988.0	10326.0	0.0
SRR1946167_1	35866752.0	4717832.0	10714.0	0.0
SRR1946168_1	31530590.0	4181646.0	9012.0	0.0
SRR1946169_1	31315272.0	3941184.0	8866.0	0.0
SRR1946170_1	33350564.0	4661308.0	9656.0	0.0
SRR1946171_1	29286996.0	3809998.0	8606.0	0.0
SRR1946172_1	28095106.0	4282398.0	8226.0	0.0
SRR1946173_1	32858964.0	5068822.0	10178.0	0.0
SRR1946174_1	34604288.0	5192630.0	10520.0	0.0
SRR1946175_1	35798082.0	5746910.0	11126.0	0.0
SRR1946176_1	29100316.0	5013696.0	8920.0	0.0
SRR1946177_1	38348058.0	5199064.0	12374.0	0.0
SRR1946178_1	30868030.0	3840924.0	9906.0	0.0
SRR1946179_1	29752498.0	4641990.0	9296.0	0.0
SRR1946180_1	30675564.0	4926944.0	9260.0	0.0
SRR1946181_1	29143302.0	4418686.0	8826.0	0.0
SRR1946182_1	33431088.0	5472984.0	10350.0	0.0
SRR1946183_1	31986594.0	4639604.0	9660.0	0.0
SRR1946184_1	38576230.0	8776232.0	11754.0	0.0
SRR1946185_1	46443276.0	9238290.0	14424.0	0.0
SRR1946186_1	32161684.0	7207488.0	9964.0	0.0
SRR1946187_1	27048752.0	6225244.0	8462.0	0.0
SRR1946188_1	22661136.0	4461174.0	7286.0	0.0
SRR1946189_1	32581680.0	6305132.0	10196.0	0.0
SRR1946190_1	25171716.0	5836550.0	7496.0	0.0
SRR1946191_1	31618206.0	6837910.0	9978.0	0.0
SRR1946192_1	37690938.0	8858612.0	11508.0	0.0
SRR1946193_1	32819546.0	7847374.0	10156.0	0.0
SRR1946194_1	43980850.0	5378308.0	32052.0	0.0
SRR1946195_1	22629000.0	831062.0	0.0	0.0
SRR1946196_1	16759632.0	822470.0	0.0	0.0
SRR1946197_1	19347550.0	928926.0	0.0	0.0
SRR1946198_1	22920332.0	1101320.0	0.0	0.0
SRR1946199_1	24435940.0	1115230.0	7512.0	0.0
SRR1946200_1	28736950.0	1385938.0	11670.0	0.0
SRR1946201_1	23176332.0	1090248.0	9288.0	0.0
SRR1946202_1	20024936.0	882876.0	362.0	0.0
SRR1946203_1	26138220.0	1697766.0	0.0	0.0
SRR1946204_1	28136010.0	2087760.0	23144.0	0.0
SRR1946205_1	17535896.0	776130.0	6212.0	0.0
SRR1946206_1	21633516.0	1208814.0	0.0	0.0
SRR1946207_1	22058044.0	1045186.0	0.0	0.0
SRR1946208_1	30123488.0	1750442.0	11762.0	0.0
SRR1946209_1	20740406.0	931472.0	6526.0	0.0
SRR1946210_1	22920072.0	1087332.0	7124.0	0.0
SRR1946211_1	26246060.0	1276232.0	7978.0	0.0
SRR1946212_1	25248562.0	1318058.0	10118.0	0.0
SRR1946213_1	15558492.0	890408.0	322.0	0.0
SRR1946214_1	17934576.0	924040.0	358.0	0.0
SRR1946215_1	22874624.0	1592898.0	0.0	0.0
SRR1946216_1	22841122.0	1128176.0	0.0	0.0
SRR1946217_1	33997144.0	2545798.0	13264.0	0.0
SRR1946218_1	18836412.0	752046.0	6708.0	0.0
SRR1946219_1	17752494.0	730188.0	0.0	0.0
SRR1946220_1	23872092.0	1059130.0	7610.0	0.0
SRR1946221_1	25771936.0	1207630.0	7816.0	0.0
SRR1946222_1	37187248.0	1720482.0	15254.0	0.0
SRR1946223_1	21283766.0	1002736.0	426.0	0.0
SRR1946224_1	19468462.0	894914.0	390.0	0.0
SRR1946225_1	25679930.0	1577000.0	0.0	0.0
SRR1946226_1	23990438.0	990908.0	0.0	0.0
SRR1946227_1	33098466.0	2356470.0	13394.0	0.0
SRR1946228_1	18412158.0	770924.0	6294.0	0.0
SRR1946229_1	22976576.0	946258.0	7168.0	0.0
SRR1946230_1	25116750.0	1485092.0	0.0	0.0
SRR1946231_1	20001300.0	1353822.0	0.0	0.0
SRR1946232_1	24634130.0	1103976.0	0.0	0.0
SRR1946233_1	25115602.0	1811360.0	19836.0	0.0
SRR1946234_1	11851680.0	442742.0	0.0	0.0
SRR1946235_1	24583042.0	1211218.0	7774.0	0.0
SRR1946236_1	19852142.0	1128146.0	7868.0	0.0
SRR1946237_1	21886028.0	1601564.0	0.0	0.0
SRR1946238_1	16961268.0	809990.0	0.0	0.0
SRR1946239_1	28975320.0	2122550.0	11644.0	0.0
SRR1946240_1	19859586.0	801724.0	6858.0	0.0
SRR1946241_1	18239016.0	686896.0	0.0	0.0
SRR1946242_1	26674194.0	1198556.0	8148.0	0.0
SRR1946243_1	23440826.0	1043042.0	7398.0	0.0
SRR1946244_1	27153118.0	1301372.0	10748.0	0.0
SRR1946245_1	24870496.0	1658988.0	0.0	0.0
SRR1946246_1	27936218.0	2325240.0	23960.0	0.0
SRR1946247_1	21662404.0	952148.0	6816.0	0.0
SRR1946248_1	21971716.0	1041288.0	6860.0	0.0
SRR1946249_1	19691088.0	1007778.0	6208.0	0.0
SRR1946250_1	20344652.0	979910.0	6256.0	0.0
SRR1946251_1	23274936.0	1131066.0	7238.0	0.0
SRR1946252_1	27198694.0	1898366.0	9306.0	0.0
SRR1946253_1	24578528.0	970536.0	11124.0	0.0
SRR1946254_1	28334996.0	2335294.0	24034.0	0.0
SRR1946255_1	78010078.0	8437940.0	61348.0	0.0
SRR1946256_1	27425772.0	2897952.0	21534.0	0.0
SRR1946257_1	32020404.0	1828170.0	9178.0	0.0
SRR1946258_1	29724926.0	1633006.0	8872.0	0.0
SRR1946259_1	28467908.0	1768078.0	8466.0	0.0
SRR1946260_1	19887584.0	1195052.0	6810.0	0.0
SRR1946261_1	18373602.0	814520.0	5684.0	0.0
SRR1946262_1	28857704.0	1380710.0	8250.0	0.0
SRR1946263_1	30914136.0	1699176.0	9020.0	0.0
SRR1946264_1	33951832.0	2000130.0	9984.0	0.0
SRR1946265_1	29624566.0	2517494.0	25638.0	0.0
SRR1946266_1	41790444.0	2029524.0	11472.0	0.0
SRR1946267_1	22612788.0	1924122.0	19486.0	0.0
SRR1946268_1	37349994.0	3049798.0	33154.0	0.0
SRR1946269_1	26774046.0	2225404.0	11684.0	0.0
SRR1946270_1	18439956.0	1489962.0	16666.0	0.0
SRR1946271_1	30953912.0	2278338.0	23868.0	0.0
SRR1946272_1	24600740.0	1873254.0	18980.0	0.0
SRR1946273_1	34634086.0	2394904.0	26782.0	0.0
SRR1946274_1	20642226.0	941302.0	6196.0	0.0
SRR1946275_1	22594642.0	1005792.0	7140.0	0.0
SRR1946276_1	41299322.0	2178554.0	12232.0	0.0
SRR1946277_1	27151496.0	1501098.0	10960.0	0.0
SRR1946278_1	21564894.0	1064410.0	0.0	0.0
SRR1946279_1	32100460.0	2021452.0	16822.0	0.0
SRR1946280_1	37505678.0	2662092.0	13700.0	0.0
SRR1946281_1	39588620.0	2449762.0	15692.0	0.0
SRR1946282_1	15306336.0	706796.0	5166.0	0.0
SRR1946283_1	38926236.0	2977478.0	15066.0	0.0
SRR1946284_1	19575354.0	911884.0	426.0	0.0
SRR1946285_1	32013136.0	2170896.0	12982.0	0.0
SRR1946286_1	40507046.0	3035604.0	15878.0	0.0
SRR1946287_1	33108834.0	2625038.0	15114.0	0.0
SRR1946288_1	23726682.0	1520784.0	18582.0	0.0
SRR1946289_1	30817154.0	2154608.0	11676.0	0.0
SRR1946290_1	23769868.0	1112608.0	9512.0	0.0
SRR1946291_1	22963610.0	985592.0	422.0	0.0
SRR1946292_1	28515142.0	2037654.0	0.0	0.0
SRR1946293_1	21049640.0	1006086.0	0.0	0.0
SRR1946294_1	36203344.0	2344174.0	17380.0	0.0
SRR1946295_1	22057490.0	813012.0	7582.0	0.0
SRR1946296_1	18707934.0	743276.0	0.0	0.0
SRR1946297_1	38968796.0	2994778.0	14696.0	0.0
SRR1946298_1	18926828.0	931944.0	352.0	0.0
SRR1946299_1	32411580.0	2605216.0	12226.0	0.0
SRR1946300_1	16761372.0	903816.0	5924.0	0.0
SRR1946301_1	18683594.0	739292.0	6428.0	0.0
SRR1946302_1	21438074.0	883918.0	7494.0	0.0
SRR1946303_1	22142554.0	990444.0	7656.0	0.0
SRR1946304_1	18270276.0	812902.0	6426.0	0.0
SRR1946305_1	38625898.0	2710898.0	29696.0	0.0
SRR1946306_1	22084552.0	929472.0	6830.0	0.0
SRR1946307_1	30407410.0	2226454.0	23324.0	0.0
SRR1946308_1	35692778.0	2598520.0	27552.0	0.0
SRR1946309_1	23240094.0	1084804.0	7144.0	0.0
SRR1946310_1	27394038.0	1939486.0	21788.0	0.0
SRR1946311_1	19580796.0	937082.0	5982.0	0.0
SRR1946312_1	19267592.0	731840.0	6718.0	0.0
SRR1946313_1	25894546.0	1475476.0	8928.0	0.0
SRR1946314_1	30451860.0	0.0	16200.0	0.0
SRR1946315_1	23737072.0	1115690.0	9508.0	0.0
SRR1946316_1	20433418.0	1017646.0	7980.0	0.0
SRR1946317_1	18945974.0	804050.0	0.0	0.0
SRR1946318_1	23470276.0	1060144.0	7198.0	0.0
SRR1946319_1	25230680.0	1614882.0	9580.0	0.0
SRR1946320_1	19582434.0	1387320.0	0.0	0.0
SRR1946321_1	21299722.0	909586.0	430.0	0.0
SRR1946322_1	39994666.0	3022506.0	16970.0	0.0
SRR1946323_1	41731334.0	3552694.0	18138.0	0.0
SRR1946324_1	29441776.0	2317098.0	25980.0	0.0
SRR1946325_1	20483778.0	1121672.0	8328.0	0.0
SRR1946326_1	16158998.0	2445422.0	3274.0	0.0
SRR1946327_1	17407596.0	0.0	23654.0	0.0
SRR1946328_1	26617030.0	2820578.0	15052.0	0.0
SRR1946329_1	13605244.0	2028456.0	2100.0	0.0
SRR1946330_1	132038880.0	22851228.0	26738.0	0.0
SRR1946331_1	15957972.0	1722752.0	572.0	0.0
SRR1946332_1	46271612.0	7343528.0	20188.0	0.0
SRR1946333_1	47950100.0	7707158.0	20806.0	0.0
SRR1946334_1	39645634.0	7063390.0	17748.0	0.0
SRR1946335_1	37074192.0	6447006.0	16560.0	0.0
SRR1946336_1	46245962.0	7820076.0	20608.0	0.0
SRR1946337_1	41487486.0	7118670.0	18782.0	0.0
SRR1946338_1	47742178.0	9023000.0	21592.0	0.0
SRR1946339_1	55728812.0	9638984.0	24384.0	0.0
SRR1946340_1	49761542.0	8419054.0	21398.0	0.0
SRR1946341_1	43582100.0	3858574.0	38442.0	0.0
SRR1946342_1	36902264.0	3254978.0	31968.0	0.0
SRR1946343_1	40323660.0	3402220.0	36248.0	0.0
SRR1946344_1	35370706.0	3343222.0	30802.0	0.0
SRR1946345_1	40449292.0	3653464.0	34326.0	0.0
SRR1946346_1	41399154.0	3781794.0	36392.0	0.0
SRR1946347_1	40865970.0	3753510.0	35108.0	0.0
SRR1946348_1	42811424.0	4089602.0	36624.0	0.0
SRR1946349_1	36622204.0	3368182.0	31640.0	0.0
SRR1946350_1	36358530.0	3237082.0	31588.0	0.0
SRR1946351_1	41974246.0	6301038.0	27690.0	0.0
SRR1946352_1	74835014.0	11653172.0	48778.0	0.0
SRR1946353_1	39741630.0	5471278.0	25902.0	0.0
SRR1946354_1	37942250.0	5166056.0	25834.0	0.0
SRR1946355_1	34062532.0	4650510.0	22522.0	0.0
SRR1946356_1	27435064.0	4364676.0	17232.0	0.0
SRR1946357_1	38849454.0	5091248.0	25072.0	0.0
SRR1946358_1	40320106.0	3009264.0	42338.0	0.0
SRR1946359_1	76593788.0	10510594.0	50082.0	0.0
SRR1946360_1	42956440.0	5944058.0	28478.0	0.0
SRR1946361_1	50399936.0	6365566.0	33702.0	0.0
SRR1946362_1	37481384.0	3639642.0	26162.0	0.0
SRR1946363_1	43169562.0	3670620.0	29992.0	0.0
SRR1946364_1	29467330.0	2827244.0	20798.0	0.0
SRR1946365_1	39664790.0	3402752.0	27536.0	0.0
SRR1946366_1	34838190.0	2979678.0	24632.0	0.0
SRR1946367_1	37033982.0	3273492.0	26446.0	0.0
SRR1946368_1	30233946.0	3117582.0	21338.0	0.0
SRR1946369_1	40919184.0	3892888.0	28370.0	0.0
SRR1946370_1	39722398.0	3352344.0	28322.0	0.0
SRR1946371_1	38374788.0	3348158.0	27900.0	0.0
SRR1946372_1	29740748.0	3309538.0	20440.0	0.0
SRR1946373_1	18594240.0	701360.0	0.0	0.0
SRR1946374_1	19714522.0	713514.0	0.0	0.0
SRR1946375_1	32060978.0	2048190.0	15552.0	0.0
SRR1946376_1	20738152.0	718350.0	0.0	0.0
SRR1946377_1	20557102.0	830344.0	0.0	0.0
SRR1946378_1	32771586.0	1154160.0	0.0	0.0
SRR1946379_1	15647746.0	615166.0	0.0	0.0
SRR1946380_1	30574710.0	2141660.0	10522.0	0.0
SRR1946381_1	25038834.0	1581318.0	8484.0	0.0
SRR1946382_1	22800906.0	1486010.0	7712.0	0.0
SRR1946383_1	36689186.0	2534378.0	12428.0	0.0
SRR1946384_1	28390752.0	1828930.0	9760.0	0.0
SRR1946385_1	20349926.0	1218882.0	6982.0	0.0
SRR1946386_1	20665176.0	1314854.0	6810.0	0.0
SRR1946387_1	31397852.0	1957226.0	10836.0	0.0
SRR1946388_1	29479580.0	1941142.0	9976.0	0.0
SRR1946389_1	27274398.0	2007756.0	9402.0	0.0
SRR1946390_1	24849774.0	1684230.0	8226.0	0.0
SRR1946391_1	21765130.0	1478242.0	8308.0	0.0
SRR1946392_1	27104214.0	1847160.0	10164.0	0.0
SRR1946393_1	27464676.0	2262814.0	9938.0	0.0
SRR1946394_1	24570748.0	1692912.0	9414.0	0.0
SRR1946395_1	25535904.0	1612002.0	9912.0	0.0
SRR1946396_1	33704742.0	2627034.0	12218.0	0.0
SRR1946397_1	25577396.0	1861888.0	9230.0	0.0
SRR1946398_1	35644792.0	2351642.0	13290.0	0.0
SRR1946399_1	22940786.0	1475466.0	8666.0	0.0
SRR1946400_1	24897836.0	1526810.0	9558.0	0.0
SRR1946401_1	28175958.0	2174312.0	10382.0	0.0
SRR1946402_1	28119414.0	2087228.0	10512.0	0.0
SRR1946403_1	26756432.0	5199816.0	7180.0	0.0
SRR1946404_1	16758816.0	1305044.0	5610.0	0.0
SRR1946405_1	30658678.0	6465186.0	8066.0	0.0
SRR1946406_1	33414684.0	7397752.0	9090.0	0.0
SRR1946407_1	36663738.0	7471500.0	9594.0	0.0
SRR1946408_1	34091556.0	6981016.0	9096.0	0.0
SRR1946409_1	28409712.0	5640086.0	7596.0	0.0
SRR1946410_1	23078126.0	3616920.0	6326.0	0.0
SRR1946411_1	32566112.0	6116322.0	8798.0	0.0
SRR1946412_1	24197118.0	4581532.0	6430.0	0.0
SRR1946413_1	32724284.0	6302148.0	8448.0	0.0
SRR1946414_1	23629070.0	4479026.0	6362.0	0.0
SRR1946415_1	29014002.0	5741288.0	7624.0	0.0
SRR1946416_1	14225704.0	341340.0	48370.0	0.0
SRR1946417_1	14825900.0	340374.0	50162.0	0.0
SRR1946418_1	12326088.0	256982.0	43902.0	0.0
SRR1946419_1	14061624.0	303282.0	47974.0	0.0
SRR1946420_1	15439918.0	301852.0	52986.0	0.0
SRR1946421_1	13978016.0	322090.0	47518.0	0.0
SRR1946422_1	9469186.0	210680.0	32908.0	0.0
SRR1946423_1	16747220.0	414522.0	58864.0	0.0
SRR1946424_1	18121642.0	432256.0	62868.0	0.0
SRR1946425_1	19583564.0	1702130.0	45844.0	0.0
SRR1946426_1	28916398.0	2632582.0	65208.0	0.0
SRR1946427_1	23178742.0	1660564.0	53454.0	0.0
SRR1946428_1	33151860.0	2461516.0	73416.0	0.0
SRR1946429_1	36964494.0	2822184.0	84612.0	0.0
SRR1946430_1	29911544.0	2155650.0	70180.0	0.0
SRR1946431_1	28521846.0	2381576.0	66596.0	0.0
SRR1946432_1	26537482.0	2099602.0	61940.0	0.0
SRR1946433_1	30978194.0	2546752.0	71562.0	0.0
SRR1946434_1	23611802.0	1889780.0	55128.0	0.0
SRR1946435_1	34251858.0	3024274.0	78618.0	0.0
SRR1946436_1	36375904.0	2729844.0	8242.0	0.0
SRR1946437_1	26270378.0	1605328.0	7304.0	0.0
SRR1946438_1	27389288.0	1546270.0	6442.0	0.0
SRR1946439_1	21159292.0	1211172.0	6512.0	0.0
SRR1946440_1	17868784.0	993872.0	3574.0	0.0
SRR1946441_1	24919044.0	1390660.0	6554.0	0.0
SRR1946442_1	27210148.0	1753234.0	7586.0	0.0
SRR1946443_1	32160126.0	2245462.0	7104.0	0.0
SRR1946444_1	26766212.0	1759242.0	5504.0	0.0
SRR1946445_1	26566942.0	1722514.0	6162.0	0.0
SRR1946446_1	99660484.0	6175996.0	35264.0	0.0
SRR1946447_1	26727466.0	1783242.0	6126.0	0.0
SRR1946448_1	27275740.0	1648492.0	8440.0	0.0
SRR1946449_1	37422258.0	3125280.0	10880.0	0.0
SRR1946450_1	26458608.0	1831536.0	7916.0	0.0
SRR1946451_1	34236002.0	2307516.0	10258.0	0.0
SRR1946452_1	26364650.0	1668056.0	7834.0	0.0
SRR1946453_1	30083266.0	1890834.0	9150.0	0.0
SRR1946454_1	35879640.0	2396120.0	8250.0	0.0
SRR1946455_1	40287388.0	2949100.0	11842.0	0.0
SRR1946456_1	18602338.0	1025498.0	4812.0	0.0
SRR1946457_1	22638772.0	2020932.0	6912.0	0.0
SRR1946458_1	18514148.0	1092548.0	5252.0	0.0
SRR1946459_1	22884174.0	529288.0	79544.0	0.0
SRR1946460_1	26551398.0	1806526.0	0.0	0.0
SRR1946461_1	17477828.0	1222954.0	0.0	0.0
SRR1946462_1	30594782.0	1792862.0	0.0	0.0
SRR1946463_1	48368528.0	3533964.0	256.0	0.0
SRR1946464_1	26403738.0	1455138.0	0.0	0.0
SRR1946465_1	33114926.0	1825910.0	24190.0	0.0
SRR1946466_1	23980602.0	993866.0	0.0	0.0
SRR1946467_1	34282090.0	1917152.0	0.0	0.0
SRR1946468_1	21248072.0	1262222.0	0.0	0.0
SRR1946469_1	40230616.0	2420468.0	0.0	0.0
SRR1946470_1	24483906.0	1534612.0	0.0	0.0
SRR1946471_1	27685370.0	1197030.0	0.0	0.0
SRR1946472_1	26586748.0	1472922.0	0.0	0.0
SRR1946473_1	28148696.0	1537442.0	0.0	0.0
SRR1946474_1	28112698.0	1675060.0	112.0	0.0
SRR1946475_1	31164534.0	1767144.0	0.0	0.0
SRR1946476_1	27042498.0	1148350.0	0.0	0.0
SRR1946477_1	22622616.0	921384.0	0.0	0.0
SRR1946478_1	17672562.0	753152.0	0.0	0.0
SRR1946479_1	35785430.0	2136998.0	0.0	0.0
SRR1946480_1	22857798.0	1632402.0	4.0	0.0
SRR1946481_1	40959120.0	2811064.0	0.0	0.0
SRR1946482_1	29375428.0	1924710.0	0.0	0.0
SRR1946483	17429930.0	36139318.0	1290.0	0.0
SRR1946484	11630626.0	14324490.0	0.0	0.0
SRR1946485	38632467.0	10532821.0	3658.0	0.0
SRR1946486	18024818.0	48269790.0	70.0	0.0
SRR1946487	36674055.0	14037235.0	2766.0	0.0
SRR1946488	158605.0	23518047.0	0.0	0.0
SRR1946489	820414.0	26728912.0	0.0	0.0
SRR1946490	4292009.0	31438949.0	0.0	0.0
SRR1946491	17677548.0	52341073.0	187.0	0.0
SRR1946492	22160353.0	1135223.0	910.0	0.0
SRR1946493	19836537.0	37834879.0	728.0	0.0
SRR1946494	2361992.0	43238131.0	79.0	0.0
SRR1946495	6922776.0	17338804.0	0.0	0.0
SRR1946496	7954317.0	65189727.0	732.0	0.0
SRR1946497	5511327.0	18722073.0	0.0	0.0
SRR1946498	14042237.0	45197361.0	60.0	0.0
SRR1946499	1100544.0	22803126.0	0.0	0.0
SRR1946500	8434485.0	65725329.0	654.0	0.0
SRR1946501	1275510.0	26451782.0	0.0	0.0
SRR1946502	2600684.0	23555732.0	0.0	0.0
SRR1946503	1076227.0	26353833.0	0.0	0.0
SRR1946504	5691453.0	20956527.0	0.0	0.0
SRR1946505	7443294.0	28934474.0	0.0	0.0
SRR1946506	10356183.0	60450054.0	637.0	0.0
SRR1946507	5502158.0	20857768.0	0.0	0.0
SRR1946508	920648.0	26097372.0	0.0	0.0
SRR1946509	621189.0	25214889.0	0.0	0.0
SRR1946510	10921010.0	34379702.0	2906.0	0.0
SRR1946511	19065300.0	38873587.0	237.0	0.0
SRR1946512	8004469.0	14623681.0	0.0	0.0
SRR1946513	11478496.0	14289315.0	505.0	0.0
SRR1946514	584332.0	22262080.0	0.0	0.0
SRR1946515	21581659.0	39040368.0	1435.0	0.0
SRR1946516	1006286.0	26281876.0	0.0	0.0
SRR1946517	15689441.0	15644443.0	24.0	0.0
SRR1946518	60032266.0	0.0	752.0	0.0
SRR1946519	977257.0	27056931.0	0.0	0.0
SRR1946520	2851746.0	40078663.0	75.0	0.0
SRR1946521	18615133.0	38469954.0	153.0	0.0
SRR1946522	2892981.0	23742153.0	0.0	0.0
SRR1946523	3250789.0	21568913.0	0.0	0.0
SRR1946524	959978.0	24615322.0	0.0	0.0
SRR1946525	10068831.0	12887557.0	0.0	0.0
SRR1946526	5705944.0	20595586.0	0.0	0.0
SRR1946527	4318102.0	39695780.0	62.0	0.0
SRR1946528	8838557.0	20090491.0	0.0	0.0
SRR1946529	20512723.0	33076934.0	239.0	0.0
SRR1946530	422546.0	58880792.0	0.0	0.0
SRR1946531	13253737.0	12016283.0	0.0	0.0
SRR1946532	476574.0	21917470.0	0.0	0.0
SRR1946533	15517214.0	40856679.0	381.0	0.0
SRR1946534	3026772.0	38238264.0	272.0	0.0
SRR1946535	10829859.0	56343119.0	82.0	0.0
SRR1946536	8743606.0	26745217.0	233.0	0.0
SRR1946537	15281653.0	45429170.0	109.0	0.0
SRR1946538	7875339.0	17310565.0	0.0	0.0
SRR1946539	5240158.0	19238528.0	0.0	0.0
SRR1946540	2201398.0	38024620.0	114.0	0.0
SRR1946541	3291550.0	20869432.0	0.0	0.0
SRR1946542	2852394.0	39077619.0	57.0	0.0
SRR1946543	5255678.0	68864065.0	163.0	0.0
SRR1946544	16769538.0	40208819.0	139.0	0.0
SRR1946545	5452451.0	28677878.0	133.0	0.0
SRR1946546	67896.0	23323890.0	0.0	0.0
SRR1946547	5599822.0	48999386.0	0.0	0.0
SRR1946548	36088749.0	13139409.0	762.0	0.0
SRR1946549	1643874.0	25941838.0	0.0	0.0
SRR1946550	17180566.0	52021617.0	57.0	0.0
SRR1946551_1	20729844.0	972136.0	2444.0	0.0
SRR1946552_1	30571180.0	2702334.0	2978.0	0.0
SRR1946553_1	56940582.0	2569732.0	16748.0	0.0
SRR1946554_1	14450146.0	3922642.0	33250.0	0.0
SRR1946555_1	56095636.0	1714602.0	128608.0	0.0
SRR1946556_1	56778596.0	1881628.0	130792.0	0.0
SRR1946557_1	49748940.0	1646662.0	113412.0	0.0
SRR1946558_1	53339014.0	1552648.0	122798.0	0.0
SRR1946559_1	58622542.0	1769854.0	135532.0	0.0
SRR1946560_1	113726252.0	3514318.0	262238.0	0.0
SRR1946561_1	88522936.0	2649342.0	138956.0	0.0
SRR1946562_1	130969894.0	3544164.0	151644.0	0.0
SRR1946563_1	145074280.0	4639856.0	160994.0	0.0
SRR1946564_1	139988218.0	4088284.0	159722.0	0.0
SRR1946565_1	85106944.0	5910074.0	166610.0	0.0
SRR1946566_1	72647300.0	4931138.0	142730.0	0.0
SRR1946567_1	117404726.0	23213050.0	12142.0	0.0
SRR1946568_1	95137710.0	17383104.0	9902.0	0.0
SRR1946569_1	105969164.0	19671312.0	10688.0	0.0
